[gd_scene load_steps=4 format=3 uid="uid://dmd4nfcjl2t0q"]

[ext_resource type="Script" path="res://scenes/stages/stage.gd" id="1_n8q2t"]
[ext_resource type="PackedScene" uid="uid://71x1nvfggm0l" path="res://scenes/grid_map_dungeon.tscn" id="2_pqj1u"]
[ext_resource type="Script" path="res://node_types/enemy_spawner.gd" id="3_aw4da"]

[node name="Stage" type="Node3D"]
script = ExtResource("1_n8q2t")
chain_locks = 2

[node name="GridMap" parent="." instance=ExtResource("2_pqj1u")]

[node name="Enemies" type="Node3D" parent="."]

[node name="EnemySpawner2" type="Marker3D" parent="Enemies"]
transform = Transform3D(0.576903, 0, -0.816813, 0, 1, 0, 0.816813, 0, 0.576903, 18.5879, 0, 6.30918)
gizmo_extents = 1.0
script = ExtResource("3_aw4da")
enemy_type = 1

[node name="EnemySpawner3" type="Marker3D" parent="Enemies"]
transform = Transform3D(-0.334366, 0, -0.942444, 0, 1, 0, 0.942444, 0, -0.334366, 2.93571, -0.536976, 9.15859)
gizmo_extents = 1.0
script = ExtResource("3_aw4da")
enemy_type = 1

[node name="EnemySpawner4" type="Marker3D" parent="Enemies"]
transform = Transform3D(0.576903, 0, -0.816813, 0, 1, 0, 0.816813, 0, 0.576903, 18.5987, 0, 10.7217)
gizmo_extents = 1.0
script = ExtResource("3_aw4da")
enemy_type = 1
